$ANSIBLE_VAULT;1.1;AES256
38383562653835643138313533383630616231356130666561333865613834343233653362336566
3963303630353432333832653137336666353131656335630a386563346636373638393337616362
34663938373363333537363436653863323439386461643536353731653237313962656163666234
6239313961653862370a353066626162383133366436313932383337663231633233633435326166
37333339323739383635313433663963303934633863646661646264366432626139633863623132
37303366666461363933396363333761346632613462306266623735626231393033336166363532
37623430326665356534343039623262666561643031306531616437343836336334663461336633
62393432346166326661306534336634653533636436663566323535303361666265613631343239
34323234363131346233636365376535366362323063626565666466316439383761633838383331
39353633613736663661626165666139316533613766646631343736633636363433336563666535
35366637366266636234393935373538326331323363303431646265653231643565356165386562
33643135333761646365336131646135623634633432326662373039316562363865333466663961
35373339396630646234336532623435336439316537663934363538666530306663303664626661
35303730376365343134613736633562666139336163303030363839333733386165383762353962
62356562383861626236333632393331663461343331373134346362303663623063626364653232
33626366336335353061656663383063313933356630373866643466346663306639643966323032
39626261623862396263346333393235613363633261353837363439366632343239346331303963
62383736363431346138386539393733383531393739386234303832383266343630313930396665
36383939393861313962366563386464636166366131393862363135373564336365353830323330
63383435316461316534366632633063613635346563353139393230326230346139623763306533
61623838333931333861623939643434666532313233663038616636393931336134633066336466
63363435316361303135663339336239386232643932666135363464656231373163636438656239
62363138346137626565383233646534326638313437343961383130373432373230383764376234
33323266363430323030
